4848484848484848484848484848484849494949
4848484848484848484848484848484849494949
4848484848484848484848484848484849494949
4848484848484848484848484848484849494949
4848484848484848484848484848484849494949
4848484848484848484848484848484849494949
4848484848484848484848484848484849494949
4848484848484848484848484848484849494949
4848484848484848484848484848484849494949
4848484848484848484848484848484849494949
4848484848484848484848484848484849494949
4848484848484848484848484848484849494949
4848484848484848484848484848484849494949
4848484848484848484848484848484849494949
4848484848484848484848484848484849494949
4848484848484848484848484848484849494949
4848484848484848484848484848484849494949
4848484848484848484848484848484849494949
4848484848484848484848484848484849494949
4848484848484848484848484848484849494949
